Guia_0204 - test
x = 0.625000
b = 0.10100000
b = 0.a0 (16)
b = 0.10 10 00 00 (2)
q = 0. 2  2  0  0 (4)
